$ANSIBLE_VAULT;1.1;AES256
62613565316233636139666630353134323566303730646363643037386231306136346165643630
3938386332626231343964633339323933323861396437650a396664393961376634663131636164
62626665323161373538346636386533656566336335303836346338323765363137333666346532
3135653634623463350a333563313736383138356437326362373332623235623062646133663531
65623631393561626233396133303432616361356434376531353035373230623862336236646665
33363032366438623739633963613234623838353131366538633239613239633661613262663234
33626565323030313565633762386162303765363839363930626239623733363335336636636330
35366339363734333962353061333732366436656262366338303561356639643137393434376130
32366337653561653462303030323838653931633931313035376539396165333763363066646565
65643164326638336363306630363631656264333361636335396434353638363163306438623430
38396465376132643339393539636234303632626130303032346461323836326334626538356634
32366661356665346365313230656339613463653261623031633938356536393938373765326434
66316334346364626535366463393732353730643662393235393366373738626330333130303339
64373736386338383831666236633535326234303831386132356164373838323736303462346461
62303631616532313133306439363164336534613863316337333463636534386433646162613639
37353932663831323533333335376162343666333133316232343334313931616565336133393663
3638
