$ANSIBLE_VAULT;1.1;AES256
65356465373766656663393939316431666532306530633439356433396561393632653738643239
3630636436316430653464306530653832643337396162310a303937646561336333363439326139
61623030373965613861613236356330373235613134613866336233346566643366666534393135
3537303664636633620a636665373031303532616434623137393665386465343538316433373664
65346365326536663638306262333236623830626565393566356634316166663738653930363936
62323763313536393866636566363437376335613932386334613266626335613736333232366465
30613033343736353564326162356630326361343836343935326437363461623835623039333635
35396631626133626636643166303033646564663930366435326564313738623162633934376666
66343762316662643232333063303830643262656339343333326331393466626464643239323939
38343934353162306462636664633334636432316236333236633435643735356266353739326433
32666634616438353736626439613838653861623164303761353035353230313437623136343438
64663837326539383430336137333437623339306430666537303630303561326164623031663039
62383465663763363566393132373537343763393463636435333664396162616466306337346237
38303338383362663065623335633634373132633635376466623732373637356430393736396566
33383732636466366536633239616238373562643566623532646338343163613864333265653966
34333236313234323331656466393762626137306561393862313264353537373263653331343535
32326334373835316337363332383062613939343563343538306435623034663631643131363032
62383235613262656363336164636463306537366663646531623863306439386632343433393463
61623239353333303639376563626435653035343665646165313065366534346539633465396261
38333636663437373430613762653633313539363638633639343931336361353037373666366435
37613862376337613664663966616330636338656266383532363064336430663163313564613335
65656337373233366130626635653734663138623338616138306463656135643637326632663735
64343765663938383439346535636566633763303761353533366564376262306233626362386630
35653637626562646532333464643139333062333534313061626162616631376430313265653164
6165
